IESNA:
[TEST]
[DATE] 
[MANUFAC] Philips
[LUMINAIRE] 
[LAMPCAT]
[LAMP]  LED
[BALLASTCAT]
[BALLAST]
TILT=NONE
1
480
1
181
4
1
2
0.050 0.060 0.045
1 1 4.5
0   1   2   3   4   5   6   7   8   9   10  11  12  13  14  15  16  17  18  19  20  21  22  23  24  25  26  27  28  29
  30  31  32  33  34  35  36  37  38  39  40  41  42  43  44  45  46  47  48  49  50  51  52  53  54  55  56  57  58  59
60  61  62  63  64  65  66  67  68  69  70  71  72  73  74  75  76  77  78  79  80  81  82  83  84  85  86  87  88  89
90  91  92  93  94  95  96  97  98  99  100 101 102 103 104 105 106 107 108 109 110 111 112 113 114 115 116 117 118 119
120 121 122 123 124 125 126 127 128 129 130 131 132 133 134 135 136 137 138 139 140 141 142 143 144 145 146 147 148 149
150 151 152 153 154 155 156 157 158 159 160 161 162 163 164 165 166 167 168 169 170 171 172 173 174 175 176 177 178 179
180
0 90 180 270 360
88.87 88.82 88.78 88.73 88.69 88.64 88.51 88.38 88.24 88.11 87.98 87.75 87.53 87.3  87.08 86.85 86.52 86.19 85.85 85.52 85.19 84.73 84.27 83.81 83.35 82.89 82.4  81.92 81.43 80.95
80.46 79.87 79.27 78.68 78.08 77.49 76.78 76.07 75.35 74.64 73.93 73.18 72.43 71.69 70.94 70.19 69.34 68.49 67.65 66.8  65.95 65.06 64.18 63.29 62.41 61.52 60.6 59.69 58.77 57.86
56.94 56.03 55.13 54.22 53.32 52.41 51.55 50.7  49.84 48.99 48.13 47.27 46.41 45.56 44.7  43.84 43.04 42.24 41.44 40.64 39.84 39.1  38.36 37.61 36.87 36.13 35.42 34.72 34.01 33.31
32.6  31.98 31.35 30.73 30.1  29.48 28.9 28.31 27.73 27.14 26.56 26.02 25.49 24.95 24.42 23.88 23.41 22.94 22.46 21.99 21.52 21.09 20.65 20.22 19.78 19.35 18.96 18.57 18.18 17.79
17.4  17.05 16.7  16.34 15.99 15.64 15.32 15    14.69 14.37 14.05 13.75 13.45 13.16 12.86 12.56 12.3  12.04 11.78 11.52 11.26 11.03 10.8  10.57 10.34 10.11  9.89  9.67  9.45  9.23
9.01 8.8  8.59 8.38 8.17 7.96 7.76 7.56 7.36 7.16 6.96 6.75 6.54 6.33 6.12 5.91 5.56 5.21 4.87 4.52 4.17 3.44 2.71 1.97 1.24 0.51 0.51 0.51 0.51 0.51
0.51
88.87 88.82 88.78 88.73 88.69 88.64 88.51 88.38 88.24 88.11 87.98 87.75 87.53 87.3  87.08 86.85 86.52 86.19 85.85 85.52 85.19 84.73 84.27 83.81 83.35 82.89 82.4  81.92 81.43 80.95
80.46 79.87 79.27 78.68 78.08 77.49 76.78 76.07 75.35 74.64 73.93 73.18 72.43 71.69 70.94 70.19 69.34 68.49 67.65 66.8  65.95 65.06 64.18 63.29 62.41 61.52 60.6 59.69 58.77 57.86
56.94 56.03 55.13 54.22 53.32 52.41 51.55 50.7  49.84 48.99 48.13 47.27 46.41 45.56 44.7  43.84 43.04 42.24 41.44 40.64 39.84 39.1  38.36 37.61 36.87 36.13 35.42 34.72 34.01 33.31
32.6  31.98 31.35 30.73 30.1  29.48 28.9 28.31 27.73 27.14 26.56 26.02 25.49 24.95 24.42 23.88 23.41 22.94 22.46 21.99 21.52 21.09 20.65 20.22 19.78 19.35 18.96 18.57 18.18 17.79
17.4  17.05 16.7  16.34 15.99 15.64 15.32 15    14.69 14.37 14.05 13.75 13.45 13.16 12.86 12.56 12.3  12.04 11.78 11.52 11.26 11.03 10.8  10.57 10.34 10.11  9.89  9.67  9.45  9.23
9.01 8.8  8.59 8.38 8.17 7.96 7.76 7.56 7.36 7.16 6.96 6.75 6.54 6.33 6.12 5.91 5.56 5.21 4.87 4.52 4.17 3.44 2.71 1.97 1.24 0.51 0.51 0.51 0.51 0.51
0.51
88.87 88.82 88.78 88.73 88.69 88.64 88.51 88.38 88.24 88.11 87.98 87.75 87.53 87.3  87.08 86.85 86.52 86.19 85.85 85.52 85.19 84.73 84.27 83.81 83.35 82.89 82.4  81.92 81.43 80.95
80.46 79.87 79.27 78.68 78.08 77.49 76.78 76.07 75.35 74.64 73.93 73.18 72.43 71.69 70.94 70.19 69.34 68.49 67.65 66.8  65.95 65.06 64.18 63.29 62.41 61.52 60.6 59.69 58.77 57.86
56.94 56.03 55.13 54.22 53.32 52.41 51.55 50.7  49.84 48.99 48.13 47.27 46.41 45.56 44.7  43.84 43.04 42.24 41.44 40.64 39.84 39.1  38.36 37.61 36.87 36.13 35.42 34.72 34.01 33.31
32.6  31.98 31.35 30.73 30.1  29.48 28.9 28.31 27.73 27.14 26.56 26.02 25.49 24.95 24.42 23.88 23.41 22.94 22.46 21.99 21.52 21.09 20.65 20.22 19.78 19.35 18.96 18.57 18.18 17.79
17.4  17.05 16.7  16.34 15.99 15.64 15.32 15    14.69 14.37 14.05 13.75 13.45 13.16 12.86 12.56 12.3  12.04 11.78 11.52 11.26 11.03 10.8  10.57 10.34 10.11  9.89  9.67  9.45  9.23
9.01 8.8  8.59 8.38 8.17 7.96 7.76 7.56 7.36 7.16 6.96 6.75 6.54 6.33 6.12 5.91 5.56 5.21 4.87 4.52 4.17 3.44 2.71 1.97 1.24 0.51 0.51 0.51 0.51 0.51
0.51
88.87 88.82 88.78 88.73 88.69 88.64 88.51 88.38 88.24 88.11 87.98 87.75 87.53 87.3  87.08 86.85 86.52 86.19 85.85 85.52 85.19 84.73 84.27 83.81 83.35 82.89 82.4  81.92 81.43 80.95
80.46 79.87 79.27 78.68 78.08 77.49 76.78 76.07 75.35 74.64 73.93 73.18 72.43 71.69 70.94 70.19 69.34 68.49 67.65 66.8  65.95 65.06 64.18 63.29 62.41 61.52 60.6 59.69 58.77 57.86
56.94 56.03 55.13 54.22 53.32 52.41 51.55 50.7  49.84 48.99 48.13 47.27 46.41 45.56 44.7  43.84 43.04 42.24 41.44 40.64 39.84 39.1  38.36 37.61 36.87 36.13 35.42 34.72 34.01 33.31
32.6  31.98 31.35 30.73 30.1  29.48 28.9 28.31 27.73 27.14 26.56 26.02 25.49 24.95 24.42 23.88 23.41 22.94 22.46 21.99 21.52 21.09 20.65 20.22 19.78 19.35 18.96 18.57 18.18 17.79
17.4  17.05 16.7  16.34 15.99 15.64 15.32 15    14.69 14.37 14.05 13.75 13.45 13.16 12.86 12.56 12.3  12.04 11.78 11.52 11.26 11.03 10.8  10.57 10.34 10.11  9.89  9.67  9.45  9.23
9.01 8.8  8.59 8.38 8.17 7.96 7.76 7.56 7.36 7.16 6.96 6.75 6.54 6.33 6.12 5.91 5.56 5.21 4.87 4.52 4.17 3.44 2.71 1.97 1.24 0.51 0.51 0.51 0.51 0.51
0.51
88.87 88.82 88.78 88.73 88.69 88.64 88.51 88.38 88.24 88.11 87.98 87.75 87.53 87.3  87.08 86.85 86.52 86.19 85.85 85.52 85.19 84.73 84.27 83.81 83.35 82.89 82.4  81.92 81.43 80.95
80.46 79.87 79.27 78.68 78.08 77.49 76.78 76.07 75.35 74.64 73.93 73.18 72.43 71.69 70.94 70.19 69.34 68.49 67.65 66.8  65.95 65.06 64.18 63.29 62.41 61.52 60.6 59.69 58.77 57.86
56.94 56.03 55.13 54.22 53.32 52.41 51.55 50.7  49.84 48.99 48.13 47.27 46.41 45.56 44.7  43.84 43.04 42.24 41.44 40.64 39.84 39.1  38.36 37.61 36.87 36.13 35.42 34.72 34.01 33.31
32.6  31.98 31.35 30.73 30.1  29.48 28.9 28.31 27.73 27.14 26.56 26.02 25.49 24.95 24.42 23.88 23.41 22.94 22.46 21.99 21.52 21.09 20.65 20.22 19.78 19.35 18.96 18.57 18.18 17.79
17.4  17.05 16.7  16.34 15.99 15.64 15.32 15    14.69 14.37 14.05 13.75 13.45 13.16 12.86 12.56 12.3  12.04 11.78 11.52 11.26 11.03 10.8  10.57 10.34 10.11  9.89  9.67  9.45  9.23
9.01 8.8  8.59 8.38 8.17 7.96 7.76 7.56 7.36 7.16 6.96 6.75 6.54 6.33 6.12 5.91 5.56 5.21 4.87 4.52 4.17 3.44 2.71 1.97 1.24 0.51 0.51 0.51 0.51 0.51
0.51